1	2017-05-14 21:04:00	0.0	0.0	0.0	0.0	0.0	0.0	120.0	end
0	2017-05-12 21:02:00	0.0	0.0	0.0	0.0	0.0	0.0	0.0	end
0	2017-05-12 21:02:00	0.0	0.0	0.0	0.0	0.0	0.0	0.0	end
0	2017-05-12 21:02:00	0.0	0.0	0.0	0.0	0.0	0.0	0.0	end
0	2017-05-12 21:02:00	0.0	0.0	0.0	0.0	0.0	0.0	0.0	end
0	2017-05-12 21:02:00	0.0	0.0	0.0	0.0	0.0	0.0	0.0	end
0	2017-05-12 21:02:00	0.0	0.0	0.0	0.0	0.0	0.0	0.0	end
0	2017-05-12 21:02:00	0.0	0.0	0.0	0.0	0.0	0.0	0.0	end
0	2017-05-12 21:02:00	0.0	0.0	0.0	0.0	0.0	0.0	0.0	end
0	2017-05-12 21:02:00	0.0	0.0	0.0	0.0	0.0	0.0	0.0	end
0	2017-05-12 21:02:00	0.0	0.0	0.0	0.0	0.0	0.0	0.0	end
0	2017-05-12 21:02:00	0.0	0.0	0.0	0.0	0.0	0.0	0.0	end
0	2017-05-12 21:02:00	0.0	0.0	0.0	0.0	0.0	0.0	0.0	end
0	2017-05-12 21:02:00	0.0	0.0	0.0	0.0	0.0	0.0	0.0	end
0	2017-05-12 21:02:00	0.0	0.0	0.0	0.0	0.0	0.0	0.0	end
