0	2017-05-12 22:58:00	0.0	0.0	0.0	0.0	0.0	0.0	0.0	end
0	2017-05-12 22:58:00	0.0	0.0	0.0	0.0	0.0	0.0	0.0	end
0	2017-05-14 23:29:00	0.0	0.0	0.0	0.0	0.0	0.0	0.0	end
0	2017-05-12 22:58:00	0.0	0.0	0.0	0.0	0.0	0.0	0.0	end
0	2017-05-12 22:58:00	0.0	0.0	0.0	0.0	0.0	0.0	0.0	end
0	2017-05-12 22:58:00	0.0	0.0	0.0	0.0	0.0	0.0	0.0	end
0	2017-05-12 22:58:00	0.0	0.0	0.0	0.0	0.0	0.0	0.0	end
0	2017-05-12 22:58:00	0.0	0.0	0.0	0.0	0.0	0.0	0.0	end
0	2017-05-12 22:58:00	0.0	0.0	0.0	0.0	0.0	0.0	0.0	end
0	2017-05-12 22:58:00	0.0	0.0	0.0	0.0	0.0	0.0	0.0	end
0	2017-05-12 22:58:00	0.0	0.0	0.0	0.0	0.0	0.0	0.0	end
0	2017-05-12 22:58:00	0.0	0.0	0.0	0.0	0.0	0.0	0.0	end
0	2017-05-12 22:58:00	0.0	0.0	0.0	0.0	0.0	0.0	0.0	end
0	2017-05-12 22:58:00	0.0	0.0	0.0	0.0	0.0	0.0	0.0	end
0	2017-05-12 22:58:00	0.0	0.0	0.0	0.0	0.0	0.0	0.0	end
